80
443
8080
8000
8008
8888
8443
8880
8181
10443
12443
9443
9090
8081
5000
3000
7001
7002
8082
9080
9091
9081
10000
10001
20000
20001
8085
4200
5601
5602
3001
3002
8123
8200
8280
8282
8300
8500
8501
8600
8701
8765
8800
8843
8881
8882
8883
8900
8983
9000
9001
9002
9010
9011
9043
9050
9060
9061
9070
9071
9082
9100
9200
9201
9300
9393
9400
9447
9480
9500
9501
9600
9700
9800
9876
9877
9888
9898
9900
9943
9966
9980
9981
9988
9990
9991
9992
9993
9998
9999
10000
10001
10002
10010
10020
10443
11000
11443
12000
12443
13000
16000
